60902
117587
59662
54060
52000
95971
94415
97495
37500
126754
100239
12565
34682
75258
184946
38000
135741
146247
48516
128000
102460
150350
47514
45855
172761
51172
80733
110776
125741
36300
78963
55858
86105
69115
115560
81676
47154
88610
56126
114760
54243
153250
146725
61200
135000
71680
79698
48826
104628
89543
110322
124782
31378
80528
91491
98186
92463
156296
61096
77705
109707
48673
198600
74501
46092
70030
50400
73884
59405
99158
161300
108740
107424
132013
61643
42803
103400
67050
115462
54931
91614
43909
42500
105456
57551
40216
59982
88827
106981
46000
212755
211591
51000
67676
157802
331500
118571
54617
76917
72959
