0.288332970580086
0.521103180479258
0.490576669108123
0.0442452849820256
0.236852592555806
0.216196737485006
0.536159499781206
0.283816844690591
0.999633466126397
0.286027207272127
0.635998715413734
0.18280915892683
0.469123400747776
0.262378787854686
0.0605524659622461
0.104229144519195
0.0985709649976343
0.633567255921662
0.871201945003122
0.470073164673522
0.755458205239847
0.373898511985317
0.576132161542773
0.71949394303374
0.208494655089453
0.019051618874073
0.208125305594876
0.220133416354656
0.613349786493927
0.349531228886917
0.403256702004001
0.292296527186409
0.118139183381572
0.419519425136968
0.636800260283053
0.708938687806949
0.802733743796125
0.944989712210372
0.719946371857077
0.992115083150566
0.276101111667231
0.742209351388738
0.750042056897655
0.23242612183094
0.589821452274919
0.86482254602015
0.794189637992531
0.370376275386661
0.503046580124646
0.193959620082751
0.516947331139818
0.582931376527995
0.919029813958332
0.212019580416381
0.408485824707896
0.436340868240222
0.0813562225084752
0.847266250755638
0.458158476278186
0.267288410104811
0.539309423882514
0.730755826691166
0.629862358793616
0.763977420516312
0.0519807648379356
0.255101123591885
0.6125672259368
0.461927789030597
0.296789018902928
0.718607070157304
0.644295242382213
0.73705864045769
0.923767902888358
0.408428175142035
0.412339646369219
0.513241366716102
0.818102690158412
0.20397817553021
0.0928523989859968
0.769397113705054
0.271617819322273
0.664625107310712
0.718218679539859
0.771496849600226
0.828759513562545
0.580043689347804
0.984723425237462
0.410024024546146
0.398195302579552
0.0688730243127793
0.131287327036262
0.916223237290978
0.642608481226489
0.840041381772608
0.719790676608682
0.606621206738055
0.524413659237325
0.613068175269291
0.239544242154807
0.878730538766831
0.378467021975666
0.703753366367891
0.469388581579551
0.508554481668398
0.272429245756939
0.945919090183452
0.728550616418943
0.73097865190357
0.586360374698415
0.141310416627675
0.387256335234269
0.71470144810155
0.0884647991042584
0.273412449518219
0.506145446328446
0.269108348526061
0.480399697786197
0.226298487512395
0.587231894722208
0.16606690431945
0.500258470652625
0.860891427844763
0.754589572548866
0.182586904149503
0.0208490260411054
0.584954401478171
0.596855576615781
0.561995074385777
0.120592473773286
0.101871420396492
0.616096975514665
0.0881601651199162
0.866265433374792
0.594287595245987
0.408397184452042
0.869430088438094
0.325998278334737
0.224349051946774
0.955115054501221
0.949686263687909
0.387561903567985
0.246909095207229
0.0391843072138727
0.0224353966768831
0.565627725562081
0.46730042877607
0.298500193515792
0.624800878576934
0.287558854557574
0.835996872279793
0.3730824731756
0.471355382353067
0.818659636890516
0.885255459696054
0.803575142053887
0.0850751758553088
0.160746833076701
0.884000521386042
0.657717354828492
0.141633338760585
0.0583334474358708
0.341089864261448
0.104038362624124
0.992169695207849
0.677188097732142
0.544902433641255
0.873181201284751
0.284974952461198
0.525944926310331
0.692642709240317
0.102477014996111
0.136960632633418
0.311114924494177
0.6487469188869
0.740885698702186
0.464332500007004
0.687314886366948
0.627880843123421
0.286942874314263
0.81804411066696
0.700214240700006
0.551359863486141
0.773983918596059
0.688483299687505
0.354505232302472
0.388570750830695
0.377686532214284
0.840769558912143
0.656078425003216
0.984255806542933
0.364423469640315
0.0811581837479025
0.533167915651575
0.740469767712057
0.369802364613861
0.0791288537438959
0.150068706367165
0.738785297609866
0.16950726439245
0.44309269124642
0.24409264116548
0.481531358323991
0.229652288369834
0.0437734297011048
0.492726132040843
0.353809407213703
0.100788033101708
0.471867084503174
0.0648539203684777
0.654710379894823
0.704829251859337
0.830300633097067
0.535792476730421
0.730626999633387
0.342715672915801
0.248134536435828
0.146247161785141
0.971250500762835
0.84154351730831
0.258086920250207
0.678514669183642
0.683962653856725
0.917199170449749
0.439042248297483
0.799111956031993
0.29825229709968
0.649066163692623
0.664335125591606
0.105130330193788
0.530033206567168
0.923817271133885
0.898959936806932
0.168900599703193
0.618887470336631
0.607382980408147
0.970811903476715
0.363027102081105
0.999947768868878
0.139507655287161
0.493154207943007
0.182188402395695
0.849032294470817
0.92809901968576
0.901434674626216
0.431078432127833
0.0536281203385442
0.647441810229793
0.74275457742624
0.331194070866331
0.946826882194728
0.21748862741515
0.47125713666901
0.435311374720186
0.383860790170729
0.780481426743791
0.646724346792325
0.0796260433271527
0.933850525645539
0.775601914152503
0.289448871510103
0.455428644549102
0.391455510631204
0.910713520366699
0.0967058746609837
0.500587415881455
0.215657891239971
0.821405766997486
0.182088847039267
0.970687501365319
0.28909684275277
0.0739363210741431
0.8077435225714
0.366613432299346
0.811158853117377
0.754728074418381
0.601794110611081
0.350193161750212
0.577110205776989
0.157177477376536
0.0829921814147383
0.28048763400875
0.606361289508641
0.932817700784653
0.880464059300721
0.371859837323427
0.917979826685041
0.948420578613877
0.108891143230721
0.831446977332234
0.405457451706752
0.701662079431117
0.354446209501475
0.263661230448633
0.78914697165601
0.69025426893495
0.485491036204621
0.99229540140368
0.454546384513378
0.404210970969871
0.258111166767776
0.821086985059083
0.132219032151625
0.64167016162537
0.0325819780118763
0.853326765587553
0.251450750278309
0.769515563733876
0.752927604131401
0.425359635148197
0.157216164050624
0.741784684592858
0.78783283685334
0.817285360535607
0.80872591631487
0.335599677637219
0.633727010339499
0.0453311773017049
0.861338052200153
0.284189091762528
0.553701102733612
0.959030545782298
0.929020803188905
0.025016870116815
0.863394164247438
0.226680640131235
0.815796497277915
0.430120016913861
0.326927103800699
0.295246655587107
0.852587976260111
0.557503877207637
0.707092824624851
0.620890175923705
0.393276246031746
0.332119334954768
0.639797639800236
0.362915025558323
0.371111331973225
0.0754256220534444
0.284321687184274
0.68041315395385
0.451102889841422
0.00641861837357283
0.696068631019443
0.692961387569085
0.873580870451406
0.581999916117638
0.78066737158224
0.297293306561187
0.308023646008223
0.0322157598566264
0.668962082825601
0.280753602273762
0.61131088854745
0.282095925183967
0.256016546394676
0.434343472588807
0.30824262346141
0.795986439334229
0.541951151564717
0.65388389560394
0.136428923578933
0.493796294555068
0.41660480783321
0.0513747655786574
0.593576612183824
0.353567711310461
0.0266936854459345
0.120801924960688
0.161455850349739
0.561157739022747
0.288118325173855
0.312613582238555
0.361859368858859
0.863679864443839
0.0354122340213507
0.0702536716125906
0.711588837206364
0.310914271511137
0.327542680781335
0.431628421880305
0.691702453419566
0.125087515218183
0.181801716331393
0.582990664755926
0.181863975943998
0.915921905776486
0.667222876334563
0.453273005085066
0.748694571433589
0.197584432084113
0.812048281542957
0.324649194488302
0.796979973325506
0.141471283510327
0.429693131940439
0.102964275050908
0.555857876781374
0.0791105595417321
0.980011951876804
0.807330566458404
0.359901432879269
0.336392286932096
0.0235406642314047
0.0416546028573066
0.66522774240002
0.941516624297947
0.594614006578922
0.566163741983473
0.343483028002083
0.140612478833646
0.222681177547202
0.673986963694915
0.114994299830869
0.838300710311159
0.00415452430024743
0.716929564718157
0.641132555203512
0.395377514651045
0.802706617629156
0.847409644862637
0.95888060843572
0.133993418654427
0.68909145030193
0.821559265255928
0.632768395356834
0.367563714273274
0.262575910659507
0.92409028718248
0.364618614781648
0.256672490620986
0.681320968549699
0.925022988114506
0.520967509131879
0.805462458403781
0.813105338951573
0.0154028974939138
0.677158938255161
0.652004125993699
0.0439116805791855
0.643481177510694
0.518970730947331
0.883214618312195
0.246839979430661
0.79657248291187
0.965740661835298
0.127056110650301
0.667461906094104
0.654026654781774
0.643256041686982
0.340334797743708
0.087417894275859
0.851635092170909
0.0509408391080797
0.438913087593392
0.743106116307899
0.853756963275373
0.736050382722169
0.335710244253278
0.87037329771556
0.00357592827640474
0.933479477185756
0.226916768588126
0.285543516511098
0.95624726684764
0.642983188154176
0.0497430295217782
0.0205332932528108
0.133757457602769
0.8961118592415
0.566590520553291
0.448760673869401
0.0669328270014375
0.0558004407212138
0.665854687569663
0.463320701150224
0.130240666447207
0.499397506937385
0.671082186512649
0.770829815417528
0.502728284802288
0.00623954809270799
0.860478087561205
0.159577796468511
0.460617748089135
0.75054896180518
0.859460738953203
0.261890154331923
0.459770358400419
0.0356311828363687
0.77506458805874
0.139842801494524
0.868360655382276
0.193968410603702
0.262757914606482
0.450533393770456
0.610879091080278
0.268850517226383
0.807462631724775
0.0622778779361397
0.262969909468666
0.441856854828075
0.95894510159269
0.871061132755131
0.118677977006882
0.223028419539332
0.966982024488971
0.449059521779418
0.195358475903049
0.939954288769513
0.789559404365718
0.487060342682526
0.269389886874706
0.569133279146627
0.729698864510283
0.575114608742297
0.0670589790679514
0.0358176187146455
0.428320549195632
0.429634013213217
0.423201432917267
0.766942368587479
0.796353701269254
0.824206800432876
0.689112748717889
0.344092622166499
0.19490073621273
0.622105274582282
0.589055223623291
0.14029020210728
0.632602660683915
0.780261936131865
0.033384078880772
0.996022399049252
0.650086681125686
0.565817179623991
0.062798508675769
0.608965636696666
0.252675910945982
0.144907478475943
0.648743838304654
0.901795666432008
0.930839706212282
0.740417566848919
0.871101809665561
0.688186356564984
0.807325304253027
0.357136907987297
0.49861823185347
0.560084872413427
0.867593124741688
0.705595563398674
0.596780065214261
0.20461326604709
0.0865417935419828
0.242113445419818
0.506414203671739
0.236996599473059
0.0298802542965859
0.127892226679251
0.931527249282226
0.121646498329937
0.867522003361955
0.410591518506408
0.451384478248656
0.910641460446641
0.489009771030396
0.551860697567463
0.589094097726047
0.000669361790642142
0.689859010046348
0.760641908738762
0.0154355324339122
0.897467857692391
0.193926200037822
0.476594193372875
0.22284823609516
0.336169679649174
0.444099091459066
0.149138272507116
0.359076108550653
0.8238091529347
0.560686971992254
0.0507242300081998
0.922782893292606
0.695569415576756
0.859901558142155
0.595675999997184
0.995910038938746
0.734875662019476
0.227872097864747
0.923500855918974
0.621080731740221
0.554563412675634
0.31055815005675
0.550304862903431
0.093194471206516
0.433025883277878
0.416768797906116
0.980399849126115
0.797328760847449
0.785553721012548
0.366311708465219
0.681519531644881
0.130780706182122
0.440191383939236
0.0673947101458907
0.341090153437108
0.279700639657676
0.883626009570435
0.737156695919111
0.825048634549603
0.17046728846617
0.639466071967036
0.35023477091454
0.668574698735029
0.223706936463714
0.789774470962584
0.39464542362839
0.834926613606513
0.0187497672159225
0.869007420027629
0.904804526129737
0.500978683121502
0.591943960869685
0.806637544184923
0.659695238573477
0.736938140820712
0.962298171129078
0.245090697193518
0.22804167913273
0.896434146678075
0.992479451233521
0.0235297952312976
0.478357893647626
0.367231801617891
0.961435416480526
0.938417391851544
0.43719152896665
0.000553664984181523
0.894181014504284
0.425602150848135
0.779623296810314
0.353589516598731
0.112795285414904
0.272470755735412
0.890703347045928
0.637051155092195
0.09659678558819
0.907433522166684
0.291387370787561
0.387487760744989
0.18377097719349
0.35226637753658
0.531137292040512
0.686744857346639
0.324777273926884
0.88373850681819
0.159663361264393
0.71526165981777
0.83156674890779
0.420464541064575
0.683778260834515
0.581403469201177
0.982441750355065
0.185373359592631
0.710321942809969
0.00654133083298802
0.952427520882338
0.643724604975432
0.442121392348781
0.765233731130138
0.519052929244936
0.207076772814617
0.420984311960638
0.864181553944945
0.467005409533158
0.741003701696172
0.503897445974872
0.832758026430383
0.269951139576733
0.0769096992444247
0.00145964045077562
0.876449620816857
0.327703052898869
0.0649919265415519
0.915020630229264
0.0860243155620992
0.673573807813227
0.832197199575603
0.775137644493952
0.343950646230951
0.411763614509255
0.920698950067163
0.917924808105454
0.136477419408038
0.586584592470899
0.777678270591423
0.788320870837197
0.413035510340706
0.161222931928933
0.099876853171736
0.571636028354988
0.257974970387295
0.0134286137763411
0.392557020531967
0.737876693019643
0.562575878575444
0.805781717412174
0.677795768016949
0.933941145427525
0.113275590119883
0.762369498377666
0.494735405081883
0.781456557102501
0.265694218687713
0.262385946465656
0.474225006299093
0.557437112089247
0.152632344281301
0.11563118849881
0.87144951778464
0.525026054587215
0.326153939822689
0.0080153695307672
0.58881273586303
0.334476368967444
0.380410502897575
0.887246196391061
0.764848448568955
0.357181705301628
0.0312937814742327
0.506619568681344
0.441235282924026
0.62303940509446
0.846162223722786
0.445849964395165
0.43003201065585
0.655925030820072
0.20954268774949
0.192385490983725
0.0259959725663066
0.0334343500435352
0.214298947015777
0.57856886764057
0.32950168219395
0.453999323071912
0.936527643818408
0.866747898980975
0.524003989761695
0.468493869993836
0.840103022288531
0.686715434072539
0.36831988953054
0.411525805480778
0.49753019423224
0.736849290318787
0.881576574873179
0.00567778013646603
0.646745026577264
0.308927547419444
0.854876287048683
0.279913648730144
0.658287513302639
0.499104335205629
0.989317440893501
0.954402046976611
0.0190837492700666
0.120928154559806
0.478615265805274
0.394309130497277
0.687767193652689
0.26755709736608
0.18287391634658
0.800238310592249
0.0671565006487072
0.865635173628107
0.665010967059061
0.311282387934625
0.74665940948762
0.0727680395357311
0.339899437502027
0.972917269682512
0.373971910448745
0.525490471627563
0.294098339509219
0.0809019864536822
0.395431642187759
0.835921477060765
0.898416671203449
0.821849253494292
0.0781285490375012
0.336573003092781
0.105349733959883
0.321723328903317
0.960598915116861
0.396502032410353
0.913678096141666
0.813876921776682
0.0791313645895571
0.511869591893628
0.598262666491792
0.0239031796809286
0.125787695869803
0.137955363141373
0.58757808082737
0.601862460374832
0.759548467583954
0.921800467651337
0.175448177848011
0.841740929754451
0.109707081923261
0.215042682131752
0.200940754497424
0.971360353287309
0.73131834063679
0.01839638967067
0.951830197358504
0.97682949504815
0.909541730768979
0.0967071529012173
0.226707807276398
0.0891405066940933
0.844761125044897
0.35493084252812
0.680442383978516
0.380647937068716
0.747416561469436
0.270529528148472
0.0860908289905638
0.0754733660724014
0.508501111064106
0.778658216353506
0.437459391308948
0.714642278617248
0.468449753476307
0.612954097799957
0.220278840744868
0.662383117945865
0.650620428146794
0.589207684388384
0.890599917853251
0.0289961665403098
0.612330560339615
0.492270220769569
0.800957445520908
0.425314303021878
0.287358036963269
0.751430027652532
0.38091684342362
0.62964683608152
0.531149972463027
0.6005089643877
0.0565551130566746
0.121441882569343
0.50611650920473
0.360697329975665
0.00680900365114212
0.975179055938497
0.691388966981322
0.432042179396376
0.399077705107629
0.0645160342101008
0.7840915475972
0.52774189109914
0.565050902310759
0.50450348528102
0.504021810833365
0.564963136333972
0.361924410797656
0.28445891244337
0.025845207972452
0.859380873385817
0.905529015930369
0.325054491404444
0.864878491032869
0.989755497314036
0.677346074720845
0.356887545669451
0.170434977160767
0.19447912205942
0.0931425928138196
0.288056838791817
0.014461059588939
0.099954733857885
0.715753918280825
0.555722117191181
0.154265451710671
0.243183057755232
0.729974900605157
0.123066091211513
0.474539977731183
0.546091667609289
0.0937419042456895
0.935754598351195
0.908676566788927
0.352251132717356
0.248997713671997
0.645320372888818
0.744744274998084
0.881261789239943
0.39318650146015
0.118887873832136
0.546531710308045
0.948386205825955
0.0887229011859745
0.274410917190835
0.519651419715956
0.0169274399522692
0.897770135430619
0.706499284831807
0.995569137390703
0.919743240810931
0.147916222922504
0.896329224575311
0.739985621999949
0.0405029430985451
0.0524174936581403
0.875054269563407
0.905526299029589
0.46073976228945
0.220770661719143
0.0404350857716054
0.267691276501864
0.140322787454352
0.876956563210115
0.442871955456212
0.135595872299746
0.598789390409365
0.288875088794157
0.104357582284138
0.844885494094342
0.0654647350311279
0.414241216611117
0.860110664274544
0.503555455012247
0.363561597652733
0.900824438547716
0.336415114812553
0.562925218138844
0.89806923433207
0.754555763211101
0.0667740097269416
0.293416723841801
0.999521289253607
0.26701340591535
0.719866635277867
0.347988860215992
0.418784044217318
0.0990947482641786
0.433187043294311
0.455152210546657
0.934720862656832
0.439715991960838
0.499535660026595
0.624763530446216
0.0882670362479985
0.190043740672991
0.41791353165172
0.992510302225128
0.953861149493605
0.394552015000954
0.963404319714755
0.0780285822693259
0.5825680650305
0.704009840730578
0.538516630418599
0.992047339910641
0.608666099375114
0.921349077485502
0.500864890404046
0.0618121882434934
0.49474013550207
0.482511176727712
0.817774888593704
0.467964284587651
0.74037190200761
0.763377837371081
0.212750123115256
0.633536045439541
0.145085787167773
0.830904983216897
0.774594463175163
0.993415164062753
0.764019075548276
0.883311825804412
0.349341691704467
0.298195078969002
0.0947019373998046
0.110942822415382
0.389254019130021
0.487429640488699
0.788529022829607
0.315703455824405
0.342010169290006
0.360515826847404
0.47668055514805
0.857642313931137
0.987379925791174
0.494460907066241
